# Directed graph (each unordered pair of nodes is saved once): deezer_edges.txt
# A sample network dataset extracted from JSON format
# Nodes: 287 Edges: 1669
# FromNodeId	ToNodeId
0	240
0	2
0	90
0	4
0	92
0	166
0	87
0	269
0	177
0	225
0	20
0	29
0	33
0	270
0	116
0	107
0	50
0	196
0	200
0	167
0	207
0	139
0	60
0	273
0	286
1	2
1	93
1	196
1	29
1	166
1	269
1	62
1	4
1	228
1	207
1	217
1	60
2	3
2	161
2	4
2	6
2	169
2	8
2	9
2	10
2	12
2	110
2	14
2	207
2	43
2	16
2	17
2	19
2	21
2	24
2	25
2	26
2	27
2	28
2	29
2	30
2	31
2	32
2	5
2	34
2	35
2	36
2	37
2	38
2	39
2	170
2	40
2	41
2	44
2	45
2	47
2	48
2	49
2	50
2	51
2	53
2	54
2	61
2	55
2	7
2	119
2	92
2	57
2	58
2	59
2	60
2	62
2	63
2	64
2	65
2	11
2	283
2	66
2	67
2	68
2	70
2	228
2	72
2	73
2	74
2	76
2	77
2	79
2	80
2	178
2	167
2	84
2	85
2	87
2	88
2	89
2	90
2	91
2	93
2	15
2	69
2	95
2	97
2	98
2	99
2	100
2	102
2	216
2	104
2	18
2	106
2	107
2	125
2	108
2	128
2	109
2	111
2	20
2	112
2	130
2	114
2	115
2	116
2	117
2	118
2	120
2	121
2	122
2	75
2	124
2	126
2	127
2	129
2	131
2	132
2	133
2	78
2	134
2	135
2	81
2	270
2	138
2	82
2	139
2	218
2	141
2	13
2	142
2	143
2	144
2	145
2	146
2	147
2	148
2	150
2	151
2	153
2	71
2	136
2	154
2	137
2	156
2	157
2	159
2	160
2	162
2	163
2	222
2	164
2	165
2	266
2	166
2	184
2	267
2	224
2	168
2	83
2	171
2	172
2	173
2	22
2	175
2	176
2	179
2	180
2	181
2	182
2	215
2	183
2	185
2	186
2	188
2	140
2	189
2	190
2	192
2	194
2	273
2	191
2	113
2	258
2	197
2	198
2	199
2	201
2	202
2	203
2	204
2	205
2	206
2	208
2	209
2	210
2	211
2	246
2	212
2	149
2	96
2	213
2	214
2	152
2	158
2	193
2	86
2	217
2	219
2	220
2	52
2	221
2	247
2	46
2	223
2	225
2	226
2	227
2	229
2	94
2	101
2	230
2	231
2	232
2	233
2	234
2	235
2	236
2	237
2	238
2	239
2	240
2	241
2	103
2	242
2	243
2	244
2	105
2	187
2	42
2	33
2	248
2	249
2	250
2	251
2	252
2	253
2	254
2	255
2	174
2	256
2	257
2	259
2	195
2	260
2	155
2	261
2	262
2	263
2	264
2	265
2	268
2	123
2	269
2	271
2	272
2	56
2	274
2	275
2	245
2	200
2	276
2	196
2	177
2	277
2	278
2	279
2	280
2	281
2	282
2	285
2	284
2	23
2	286
3	203
3	121
3	106
4	8
4	11
4	15
4	17
4	20
4	33
4	38
4	42
4	45
4	52
4	53
4	56
4	57
4	63
4	65
4	70
4	123
4	77
4	90
4	92
4	100
4	102
4	105
4	109
4	110
4	113
4	114
4	115
4	124
4	126
4	127
4	130
4	135
4	139
4	190
4	144
4	155
4	161
4	163
4	174
4	170
4	175
4	184
4	227
4	188
4	200
4	81
4	208
4	209
4	214
4	220
4	133
4	222
4	150
4	233
4	237
4	245
4	244
4	50
4	260
4	93
4	273
4	281
4	7
4	12
4	14
4	29
4	30
4	60
4	37
4	225
4	44
4	47
4	48
4	62
4	61
4	21
4	68
4	78
4	187
4	88
4	89
4	94
4	67
4	69
4	169
4	104
4	107
4	173
4	112
4	116
4	119
4	270
4	128
4	132
4	141
4	146
4	147
4	158
4	160
4	166
4	267
4	167
4	269
4	177
4	186
4	82
4	192
4	189
4	202
4	207
4	210
4	215
4	217
4	223
4	71
4	228
4	87
4	238
4	239
4	240
4	248
4	254
4	255
4	256
4	257
4	196
4	262
4	284
4	101
4	199
4	276
4	280
4	283
6	273
6	27
6	213
6	217
6	234
6	110
6	16
8	63
8	87
8	65
8	196
8	29
8	166
8	207
8	33
8	217
8	267
8	269
11	27
12	87
12	29
12	38
12	62
12	207
12	60
12	196
12	31
12	217
13	273
14	210
14	286
14	92
14	127
14	139
14	167
14	177
14	178
14	192
14	233
14	259
14	266
14	270
14	273
14	276
14	244
15	163
15	167
15	207
15	107
15	286
15	217
15	123
17	273
17	109
18	29
20	225
20	240
20	90
20	93
20	230
20	166
20	132
20	177
20	107
20	50
20	29
20	31
20	38
20	217
20	196
20	128
20	54
20	62
20	56
20	200
20	92
20	207
20	139
20	60
20	163
20	222
20	155
20	286
20	167
21	225
21	107
21	129
22	126
22	106
24	273
25	101
26	77
26	157
27	223
27	101
27	32
27	273
27	280
27	281
27	159
29	126
29	166
29	210
29	180
29	31
29	38
29	192
29	44
29	52
29	223
29	167
29	30
29	70
29	217
29	258
29	146
29	222
29	91
29	239
29	109
29	105
29	110
29	112
29	133
29	114
29	238
29	253
29	207
29	108
29	215
29	273
29	245
29	177
29	190
29	158
30	92
30	139
30	200
30	50
30	130
30	286
30	107
30	167
31	222
31	224
31	177
31	240
31	286
31	189
31	253
31	116
31	255
31	132
31	54
31	200
31	167
31	267
31	60
31	273
31	163
32	281
32	206
32	207
33	84
33	165
33	207
33	36
33	191
33	44
33	53
33	199
33	63
33	66
33	217
33	75
33	78
33	81
33	94
33	67
33	273
33	235
33	98
33	100
33	105
33	110
33	115
33	252
33	124
33	126
33	269
33	242
33	190
33	146
33	196
33	279
33	285
33	284
33	208
34	207
36	273
36	63
36	235
36	110
36	166
36	217
36	252
36	81
36	284
36	103
37	196
37	56
37	60
37	211
37	228
38	161
38	225
38	90
38	167
38	240
38	254
38	132
38	200
38	222
38	286
38	160
40	210
41	108
41	156
42	240
42	107
42	115
42	273
42	62
43	268
43	98
43	151
43	249
43	250
43	122
43	203
43	271
43	156
44	225
44	93
44	167
44	269
44	107
44	217
44	127
44	196
44	56
44	207
44	60
44	62
44	163
44	259
44	284
44	286
45	273
45	233
48	50
48	87
48	109
48	119
48	139
48	140
48	158
48	157
48	167
48	189
48	192
48	200
48	206
48	217
48	222
48	233
48	240
48	52
48	266
48	267
48	273
50	52
50	54
50	128
50	90
50	92
50	119
50	107
50	109
50	167
50	132
50	130
50	139
50	140
50	150
50	158
50	157
50	160
50	180
50	192
50	224
50	200
50	205
50	210
50	225
50	233
50	240
50	244
50	177
50	283
50	245
50	286
52	87
52	132
52	225
52	167
52	237
52	240
52	200
52	286
53	84
53	166
53	235
53	207
53	81
53	242
53	110
53	115
53	126
53	273
53	285
53	204
53	208
53	63
53	279
53	217
53	187
53	284
54	225
54	129
54	128
54	92
54	200
54	110
54	167
54	177
54	237
54	107
54	180
54	132
54	139
54	286
55	278
55	59
56	227
56	93
56	196
56	207
56	209
56	105
56	60
56	62
56	146
56	69
56	114
56	253
56	217
57	115
57	207
57	63
57	75
57	187
57	208
58	130
58	167
58	132
58	91
58	209
59	278
60	94
60	166
60	119
60	233
60	207
60	105
60	215
60	114
60	93
60	116
60	217
60	69
60	110
60	196
60	124
60	62
60	146
60	78
60	187
60	158
61	87
61	122
62	94
62	227
62	93
62	115
62	166
62	100
62	105
62	175
62	110
62	114
62	116
62	190
62	126
62	133
62	124
62	215
62	207
62	209
62	163
62	146
62	196
62	69
62	70
62	217
62	78
62	187
62	158
63	94
63	166
63	232
63	235
63	236
63	207
63	105
63	110
63	284
63	124
63	196
63	252
63	190
63	273
63	146
63	72
63	217
63	75
63	187
63	208
65	225
65	167
65	179
65	189
65	192
65	200
65	217
65	77
65	87
65	89
65	245
65	112
65	254
65	240
65	267
65	273
65	177
65	150
65	283
65	286
66	235
67	196
67	269
67	115
67	167
67	207
68	92
69	93
69	196
69	166
69	217
69	264
70	217
72	75
72	207
75	124
75	207
75	166
75	208
75	100
75	146
75	110
75	279
75	217
75	201
77	167
77	220
77	85
77	87
77	244
77	206
77	266
77	286
77	158
78	273
78	93
78	196
78	166
78	228
78	269
79	179
79	266
79	246
81	273
81	196
81	217
81	115
81	252
81	269
81	284
82	210
84	217
84	229
84	207
85	112
85	207
85	269
85	158
85	192
87	88
87	166
87	233
87	100
87	105
87	110
87	92
87	256
87	227
87	133
87	190
87	239
87	192
88	211
88	269
89	194
89	198
89	169
89	192
90	119
90	255
90	167
90	92
90	127
90	107
90	116
90	128
90	132
90	139
90	160
90	163
90	164
90	224
90	177
90	210
90	286
90	200
90	222
90	240
90	245
90	244
90	259
90	270
90	284
91	167
92	178
92	167
92	107
92	119
92	127
92	128
92	132
92	147
92	160
92	163
92	177
92	175
92	190
92	200
92	210
92	222
92	225
92	227
92	139
92	244
92	254
92	240
92	270
92	286
93	126
93	196
93	166
93	233
93	120
93	267
93	207
93	209
93	105
93	146
93	110
93	114
93	115
93	116
93	190
93	187
93	133
94	166
94	215
94	190
94	207
94	217
94	124
94	106
94	115
94	116
94	126
94	269
94	196
95	273
95	281
97	156
98	108
98	249
98	250
98	120
98	122
98	272
98	282
98	156
98	264
99	155
99	244
100	196
100	225
100	167
100	207
100	269
100	217
100	253
100	264
101	127
101	273
103	166
103	207
103	110
103	252
103	235
103	284
103	242
105	273
105	228
105	196
105	166
105	207
105	269
105	270
105	217
105	116
105	253
106	183
106	192
106	122
106	126
106	215
107	119
107	286
107	128
107	123
107	114
107	132
107	133
107	158
107	160
107	163
107	164
107	225
107	177
107	175
107	270
107	140
107	190
107	200
107	167
107	210
107	240
107	245
107	244
108	271
108	179
108	183
108	120
108	282
108	142
108	250
109	163
109	211
109	200
109	205
109	207
109	132
109	240
109	255
109	286
110	166
110	126
110	235
110	269
110	115
110	252
110	191
110	202
110	207
110	284
110	273
110	196
110	217
112	239
112	189
112	254
112	255
112	206
112	211
112	273
114	225
114	166
114	167
114	140
114	196
114	163
114	217
114	286
115	235
115	207
115	175
115	124
115	196
115	285
115	273
115	217
115	187
115	284
116	196
116	133
116	269
116	267
116	207
116	209
116	190
116	146
117	183
117	282
118	269
118	151
119	225
119	240
119	164
119	166
119	217
119	167
119	132
119	130
119	196
119	207
119	210
119	139
119	177
120	273
120	195
120	197
120	143
120	234
120	266
120	179
120	142
120	213
120	246
120	250
120	264
120	156
121	131
121	272
121	250
121	258
122	271
122	250
122	264
122	156
123	225
123	166
123	167
123	217
123	269
123	196
123	207
123	286
123	163
124	126
124	196
124	207
124	269
124	273
124	217
124	285
124	284
126	166
126	196
126	195
126	217
126	258
126	187
126	285
127	210
127	270
127	276
127	192
127	286
128	200
128	167
128	240
128	150
128	286
130	167
130	177
130	286
130	189
130	200
130	206
130	210
130	255
130	240
130	244
130	132
130	139
130	140
130	283
130	158
130	157
131	282
131	156
132	161
132	175
132	210
132	190
132	200
132	237
132	167
132	222
132	225
132	150
132	177
132	240
132	133
132	270
132	147
132	281
132	160
132	286
133	196
133	207
133	240
133	273
133	217
134	230
137	185
139	286
139	210
139	200
139	167
139	177
139	240
139	160
139	158
140	167
140	270
142	179
143	234
143	207
143	179
143	246
143	217
143	250
144	211
144	267
144	192
145	249
145	156
146	269
146	196
146	207
146	217
146	264
147	196
147	200
147	167
147	207
148	191
148	284
150	223
150	200
150	192
150	286
151	273
151	228
151	196
151	269
152	273
156	269
156	271
156	272
156	250
156	203
157	266
157	205
157	206
158	166
158	167
158	286
158	196
158	203
158	207
158	217
158	283
159	210
159	283
159	286
160	225
160	200
160	177
160	270
160	286
160	222
160	240
160	167
161	233
163	225
163	207
163	286
163	167
164	178
164	254
165	217
166	225
166	167
166	269
166	190
166	192
166	196
166	200
166	207
166	209
166	217
166	284
167	177
167	270
167	207
167	222
167	175
167	199
167	205
167	210
167	192
167	225
167	233
167	240
167	254
167	245
167	200
167	196
167	286
169	217
169	194
169	198
175	240
175	276
175	207
175	190
175	286
175	196
175	200
175	270
177	224
177	286
177	270
177	200
177	207
177	225
177	253
177	240
178	233
178	244
179	197
179	234
179	203
179	266
179	273
179	213
179	246
179	217
179	250
179	284
180	190
180	286
181	273
182	233
182	217
182	192
183	195
183	271
183	217
183	249
183	250
183	272
186	205
187	196
187	207
187	285
187	217
187	252
188	273
189	196
189	217
189	207
189	254
189	192
190	207
190	269
190	273
190	228
190	217
190	286
191	217
191	252
191	284
191	242
192	281
192	273
192	207
192	286
193	273
194	198
195	217
196	286
196	215
196	199
196	207
196	209
196	217
196	269
196	203
196	284
197	250
197	264
197	269
199	264
200	222
200	207
200	205
200	225
200	240
200	270
200	286
202	225
203	264
203	249
203	250
203	281
204	217
205	222
206	266
207	273
207	209
207	211
207	217
207	225
207	227
207	235
207	240
207	244
207	252
207	269
207	285
207	267
207	279
207	284
207	286
208	279
208	217
209	273
209	233
209	269
210	254
210	244
210	245
210	286
211	256
211	259
211	224
211	254
211	220
212	273
213	234
213	273
213	284
215	217
217	266
217	269
217	250
217	252
217	234
217	235
217	236
217	242
217	245
217	272
217	253
217	254
217	267
217	273
217	276
217	279
217	285
217	284
218	269
220	259
222	237
222	240
222	245
224	240
224	245
224	244
224	280
224	286
225	240
225	286
227	233
227	269
227	228
227	286
230	254
232	273
232	284
232	236
233	240
233	273
234	246
234	272
235	252
235	265
235	273
235	242
235	284
236	273
236	284
237	240
237	286
239	254
240	270
240	255
240	283
240	286
242	284
244	270
244	286
245	286
247	273
249	250
249	271
249	272
250	271
250	282
250	264
252	285
252	279
252	284
253	276
253	283
253	284
254	255
254	267
254	273
254	278
254	283
255	273
255	283
256	269
256	273
262	273
264	269
265	273
269	284
269	273
270	276
270	283
270	284
270	286
271	272
271	284
273	279
273	281
273	285
273	284
279	285
281	286
283	286